'y-axis saved as y
'x,KHM052_h-CuMnAs_reflection_3_21_19_2.raw,Ycalc
3,102,128.493025
3.02049426,125,126.242275
3.04098853,116,124.041111
3.06148279,117,121.888567
3.08197705,118,119.783452
3.10247131,109,117.724358
3.12296558,109,115.710461
3.14345984,111,113.741099
3.1639541,104,111.815573
3.18444836,111,109.933146
3.20494263,118,108.093069
3.22543689,97,106.294601
3.24593115,104,104.537012
3.26642541,108,102.819591
3.28691968,114,101.141658
3.30741394,122,99.5025609
3.3279082,106,97.90169
3.34840246,99,96.3384519
3.36889673,115,94.8122558
3.38939099,87,93.322495
3.40988525,107,91.8683395
3.43037951,115,90.4487464
3.45087378,116,89.063267
3.47136804,112,87.7116416
3.4918623,94,86.3936315
3.51235656,92,85.1090369
3.53285083,111,83.8577315
3.55334509,95,82.6396891
3.57383935,117,81.4549893
3.59433361,108,80.3038329
3.61482788,96,79.1865624
3.63532214,98,78.1036891
3.6558164,96,77.0559242
3.67631066,84,76.0442019
3.69680493,86,75.0697298
3.71729919,89,74.1340505
3.73779345,79,73.2391223
3.75828771,78,72.3874104
3.77878198,85,71.5820129
3.79927624,70,70.8268162
3.8197705,82,70.1267188
3.84026476,69,69.4879103
3.86075903,68,68.918235
3.88125329,65,68.4276894
3.90174755,62,68.0291395
3.92224181,54,67.7393188
3.94273608,52,67.5804431
3.96323034,69,67.5831117
3.9837246,67,67.7905241
4.00421886,63,68.2552809
4.02471313,49,69.0221727
4.04520739,71,70.1336913
4.06570165,57,71.6558561
4.08619591,51,73.7015251
4.10669018,62,76.4611282
4.12718444,61,80.1411111
4.1476787,61,84.6580118
4.16817296,69,89.4831981
4.18866723,65,93.3580745
4.20916149,50,92.9308459
4.22965575,62,85.2560348
4.25015001,56,75.0337464
4.27064428,60,66.7499572
4.29113854,63,61.4803223
4.3116328,60,58.4661474
4.33212707,58,56.7765844
4.35262133,52,55.8122018
4.37311559,47,55.2055795
4.39360985,51,54.7623189
4.41410412,56,54.4000901
4.43459838,67,54.0878822
4.45509264,58,53.8124947
4.4755869,62,53.5669912
4.49608117,55,53.3471999
4.51657543,56,53.150401
4.53706969,50,52.9747169
4.55756395,68,52.8187897
4.57805822,53,52.6815985
4.59855248,50,52.5623492
4.61904674,45,52.4604053
4.639541,55,52.3752421
4.66003527,54,52.3064173
4.68052953,55,52.2535495
4.70102379,53,52.2163036
4.72151805,57,52.1943802
4.74201232,40,52.187508
4.76250658,72,52.1954378
4.78300084,51,52.2179381
4.8034951,73,52.2547918
4.82398937,58,52.305793
4.84448363,65,52.3707446
4.86497789,52,52.4494561
4.88547215,48,52.541744
4.90596642,60,52.6474304
4.92646068,59,52.7663407
4.94695494,57,52.8983006
4.9674492,59,53.0431291
4.98794347,63,53.2006345
5.00843773,52,53.3706372
5.02893199,58,53.5529847
5.04942625,72,53.7475682
5.06992052,66,53.9545293
5.09041478,45,54.1742231
5.11090904,59,54.4063951
5.1314033,66,54.65069
5.15189757,50,54.9068296
5.17239183,50,55.1746108
5.19288609,67,55.4538728
5.21338035,78,55.7444699
5.23387462,71,56.0462655
5.25436888,62,56.359117
5.27486314,58,56.6828687
5.2953574,73,57.0173744
5.31585167,65,57.3625128
5.33634593,69,57.7182049
5.35684019,74,58.0846215
5.37733445,65,58.4621481
5.39782872,77,58.8505651
5.41832298,74,59.2495541
5.43881724,68,59.6588718
5.4593115,66,60.0783474
5.47980577,61,60.5078507
5.50030003,55,60.9472671
5.52079429,60,61.3964977
5.54128855,69,61.8554458
5.56178282,69,62.3240161
5.58227708,57,62.8021143
5.60277134,66,63.2896466
5.62326561,63,63.78652
5.64375987,63,64.2926423
5.66425413,71,64.8079217
5.68474839,58,65.3322669
5.70524266,62,65.8655874
5.72573692,67,66.407793
5.74623118,57,66.9587942
5.76672544,63,67.5185017
5.78721971,65,68.0868269
5.80771397,68,68.6636812
5.82820823,84,69.2489768
5.84870249,82,69.842626
5.86919676,72,70.4445415
5.88969102,72,71.0546361
5.91018528,80,71.6728231
5.93067954,69,72.2990159
5.95117381,63,72.9331282
5.97166807,90,73.575074
5.99216233,68,74.2247674
6.01265659,56,74.882123
6.03315086,76,75.5470558
6.05364512,72,76.2194812
6.07413938,69,76.8993148
6.09463364,72,77.5864698
6.11512791,56,78.2808536
6.13562217,83,78.982373
6.15611643,60,79.6909462
6.17661069,93,80.4064909
6.19710496,100,81.1289219
6.21759922,73,81.8581531
6.23809348,83,82.5940978
6.25858774,98,83.3366694
6.27908201,75,84.0857809
6.29957627,82,84.841345
6.32007053,93,85.6032744
6.34056479,74,86.3714816
6.36105906,63,87.1458787
6.38155332,83,87.926378
6.40204758,88,88.7128916
6.42254184,69,89.5053318
6.44303611,89,90.3036106
6.46353037,92,91.1076371
6.48402463,97,91.9173146
6.50451889,81,92.7325445
6.52501316,79,93.55324
6.54550742,102,94.3793128
6.56600168,80,95.210672
6.58649594,79,96.0472249
6.60699021,81,96.8888784
6.62748447,70,97.7355385
6.64797873,110,98.5871109
6.66847299,94,99.4435007
6.68896726,97,100.304612
6.70946152,93,101.17035
6.72995578,98,102.040618
6.75045004,89,102.915318
6.77094431,99,103.794353
6.79143857,89,104.677626
6.81193283,108,105.565038
6.83242709,95,106.456493
6.85292136,112,107.351893
6.87341562,109,108.251145
6.89390988,94,109.154161
6.91440415,95,110.060859
6.93489841,122,110.971173
6.95539267,110,111.885047
6.97588693,104,112.802444
6.9963812,111,113.723352
7.01687546,106,114.647789
7.03736972,103,115.57582
7.05786398,122,116.507576
7.07835825,115,117.443282
7.09885251,103,118.383309
7.11934677,121,119.328247
7.13984103,110,120.279042
7.1603353,112,121.237221
7.18082956,142,122.205318
7.20132382,137,123.187334
7.22181808,114,124.188385
7.24231235,136,125.212377
7.26280661,129,126.254276
7.28330087,137,127.281413
7.30379513,151,128.231074
7.3242894,137,129.090007
7.34478366,132,129.945168
7.36527792,136,130.806294
7.38577218,117,131.705658
7.40626645,127,132.638891
7.42676071,167,133.589257
7.44725497,134,134.546037
7.46774923,137,135.505352
7.4882435,144,136.465949
7.50873776,146,137.427291
7.52923202,154,138.389066
7.54972628,132,139.351052
7.57022055,131,140.313064
7.59071481,145,141.274892
7.61120907,151,142.2363
7.63170333,150,143.19717
7.6521976,160,144.157389
7.67269186,152,145.116824
7.69318612,175,146.075334
7.71368038,145,147.032779
7.73417465,150,147.989021
7.75466891,148,148.94392
7.77516317,148,149.897338
7.79565743,148,150.849138
7.8161517,139,151.799181
7.83664596,161,152.74733
7.85714022,165,153.693449
7.87763448,179,154.6374
7.89812875,157,155.579048
7.91862301,172,156.518259
7.93911727,166,157.454902
7.95961153,168,158.388845
7.9801058,161,159.319962
8.00060006,153,160.248135
8.02109432,163,161.173252
8.04158858,155,162.095221
8.06208285,153,163.01399
8.08257711,184,163.929578
8.10307137,179,164.84212
8.12356563,167,165.7519
8.1440599,160,166.659405
8.16455416,164,167.56539
8.18504842,156,168.470977
8.20554269,180,169.377834
8.22603695,168,170.288449
8.24653121,171,171.206569
8.26702547,180,172.137918
8.28751974,171,173.091477
8.308014,172,174.081908
8.32850826,203,175.134194
8.34900252,182,176.290014
8.36949679,191,177.602028
8.38999105,233,179.082171
8.41048531,247,180.558482
8.43097957,236,181.504956
8.45147384,246,181.639763
8.4719681,200,181.861718
8.49246236,198,182.14118
8.51295662,199,182.469435
8.53345089,192,183.013362
8.55394515,192,183.70573
8.57443941,207,184.449753
8.59493367,151,185.205558
8.61542794,182,185.961923
8.6359222,183,186.714934
8.65641646,212,187.462774
8.67691072,223,188.204436
8.69740499,186,188.939289
8.71789925,206,189.666896
8.73839351,196,190.386933
8.75888777,186,191.09914
8.77938204,207,191.803303
8.7998763,193,192.499233
8.82037056,190,193.186761
8.84086482,208,193.865734
8.86135909,214,194.536006
8.88185335,183,195.197442
8.90234761,181,195.849913
8.92284187,181,196.493293
8.94333614,187,197.127464
8.9638304,185,197.752308
8.98432466,211,198.367715
9.00481892,210,198.973575
9.02531319,199,199.569781
9.04580745,224,200.156232
9.06630171,208,200.732826
9.08679597,201,201.299466
9.10729024,210,201.856058
9.1277845,196,202.40251
9.14827876,208,202.938731
9.16877302,207,203.464635
9.18926729,216,203.980137
9.20976155,189,204.485156
9.23025581,213,204.979612
9.25075007,205,205.463429
9.27124434,221,205.93653
9.2917386,221,206.398844
9.31223286,194,206.850298
9.33272712,222,207.290816
9.35322139,233,207.720326
9.37371565,208,208.138763
9.39420991,226,208.546113
9.41470418,207,208.942399
9.43519844,207,209.327531
9.4556927,228,209.701425
9.47618696,180,210.064028
9.49668123,224,210.415296
9.51717549,214,210.75519
9.53766975,223,211.083671
9.55816401,197,211.400703
9.57865828,231,211.706252
9.59915254,183,212.00028
9.6196468,208,212.282752
9.64014106,245,212.553642
9.66063533,230,212.812975
9.68112959,190,213.060814
9.70162385,199,213.29711
9.72211811,215,213.521818
9.74261238,200,213.734922
9.76310664,219,213.936419
9.7836009,211,214.126311
9.80409516,218,214.304599
9.82458943,224,214.471291
9.84508369,202,214.626398
9.86557795,241,214.769935
9.88607221,220,214.901918
9.90656648,214,215.022361
9.92706074,222,215.131274
9.947555,201,215.228682
9.96804926,204,215.314618
9.98854353,202,215.389114
10.0090378,192,215.452202
10.0295321,197,215.503917
10.0500263,230,215.544299
10.0705206,224,215.573389
10.0910148,219,215.59123
10.1115091,233,215.597871
10.1320034,203,215.593361
10.1524976,209,215.577752
10.1729919,208,215.551094
10.1934862,221,215.513445
10.2139804,211,215.464867
10.2344747,255,215.405424
10.2549689,208,215.335183
10.2754632,232,215.254214
10.2959575,196,215.162582
10.3164517,212,215.060348
10.336946,216,214.947587
10.3574403,209,214.824382
10.3779345,203,214.690813
10.3984288,224,214.546963
10.418923,220,214.392915
10.4394173,212,214.228757
10.4599116,219,214.054578
10.4804058,247,213.870473
10.5009001,233,213.676542
10.5213944,191,213.472894
10.5418886,189,213.25965
10.5623829,186,213.036953
10.5828771,214,212.804928
10.6033714,220,212.56356
10.6238657,201,212.312558
10.6443599,190,212.051883
10.6648542,213,211.782375
10.6853485,198,211.503997
10.7058427,190,211.216566
10.726337,202,210.920506
10.7468312,191,210.615982
10.7673255,207,210.303015
10.7878198,203,209.981677
10.808314,215,209.652076
10.8288083,214,209.31433
10.8493026,211,208.968566
10.8697968,208,208.614922
10.8902911,210,208.253557
10.9107853,221,207.884668
10.9312796,202,207.508515
10.9517739,229,207.125442
10.9722681,214,206.735931
10.9927624,186,206.340682
11.0132567,198,205.940761
11.0337509,218,205.53788
11.0542452,192,205.13495
11.0747394,208,204.737219
11.0952337,184,204.353952
11.115728,187,203.995002
11.1362222,191,203.645189
11.1567165,191,203.22721
11.1772108,188,202.689356
11.197705,185,202.163992
11.2181993,208,201.667705
11.2386935,185,201.135722
11.2591878,209,200.595431
11.2796821,184,200.078243
11.3001763,182,199.576692
11.3206706,195,199.079723
11.3411649,198,198.584675
11.3616591,162,198.09278
11.3821534,178,197.605565
11.4026476,167,197.120251
11.4231419,189,196.616105
11.4436362,191,196.070233
11.4641304,196,195.511293
11.4846247,164,194.96403
11.505119,176,194.409794
11.5256132,181,193.844493
11.5461075,185,193.281407
11.5666017,175,192.723061
11.587096,198,192.164844
11.6075903,174,191.604247
11.6280845,178,191.040647
11.6485788,201,190.473936
11.6690731,184,189.904154
11.6895673,190,189.331402
11.7100616,179,188.755836
11.7305558,178,188.177701
11.7510501,154,187.597443
11.7715444,169,187.015633
11.7920386,178,186.432022
11.8125329,183,185.845004
11.8330272,165,185.254491
11.8535214,182,184.661467
11.8740157,197,184.066366
11.8945099,161,183.469331
11.9150042,187,182.870481
11.9354985,163,182.269936
11.9559927,166,181.667818
11.976487,183,181.064252
11.9969813,157,180.459366
12.0174755,178,179.853292
12.0379698,189,179.246166
12.058464,157,178.638133
12.0789583,203,178.029343
12.0994526,178,177.419958
12.1199468,165,176.810152
12.1404411,172,176.200114
12.1609354,153,175.590063
12.1814296,146,174.980252
12.2019239,152,174.370958
12.2224181,169,173.762501
12.2429124,155,173.155271
12.2634067,167,172.549746
12.2839009,171,171.946525
12.3043952,161,171.346385
12.3248895,174,170.75036
12.3453837,188,170.159871
12.365878,175,169.576983
12.3863722,154,169.004946
12.4068665,184,168.449553
12.4273608,175,167.922145
12.447855,175,167.444515
12.4683493,162,167.055144
12.4888436,148,166.818764
12.5093378,175,166.844703
12.5298321,176,167.322491
12.5503263,204,168.592393
12.5708206,241,171.292895
12.5913149,490,176.638378
12.6118091,601,186.340753
12.6323034,423,199.583109
12.6527977,346,206.511
12.6732919,413,196.856372
12.6937862,361,185.183079
12.7142804,249,182.546545
12.7347747,173,180.304436
12.755269,153,171.758571
12.7757632,158,163.259359
12.7962575,153,159.151845
12.8167518,151,157.355448
12.837246,159,156.23726
12.8577403,176,155.351969
12.8782345,171,154.573969
12.8987288,179,153.851837
12.9192231,153,153.160811
12.9397173,140,152.495337
12.9602116,145,151.849039
12.9807059,160,151.214385
13.0012001,149,150.587525
13.0216944,175,149.969153
13.0421886,141,149.35823
13.0626829,182,148.753126
13.0831772,154,148.152837
13.1036714,147,147.556765
13.1241657,152,146.964497
13.14466,151,146.37573
13.1651542,146,145.790237
13.1856485,154,145.207843
13.2061427,142,144.628414
13.226637,151,144.051847
13.2471313,162,143.478064
13.2676255,140,142.907006
13.2881198,150,142.338627
13.3086141,167,141.772894
13.3291083,155,141.209787
13.3496026,128,140.649304
13.3700968,127,140.091465
13.3905911,149,139.536323
13.4110854,134,138.983985
13.4315796,133,138.434642
13.4520739,117,137.888641
13.4725682,132,137.34662
13.4930624,141,136.809814
13.5135567,123,136.280636
13.5340509,115,135.762471
13.5545452,123,135.252388
13.5750395,129,134.726968
13.5955337,118,134.171183
13.616028,123,133.629749
13.6365223,132,133.108145
13.6570165,143,132.584441
13.6775108,131,132.045409
13.698005,113,131.512888
13.7184993,144,130.992213
13.7389936,125,130.478727
13.7594878,144,129.969213
13.7799821,143,129.462708
13.8004764,112,128.958998
13.8209706,121,128.458009
13.8414649,123,127.959698
13.8619591,131,127.464027
13.8824534,118,126.970937
13.9029477,118,126.480285
13.9234419,116,125.991755
13.9439362,117,125.504961
13.9644305,142,125.020298
13.9849247,155,124.539429
14.005419,106,124.062556
14.0259132,135,123.588731
14.0464075,114,123.117627
14.0669018,121,122.649227
14.087396,132,122.183525
14.1078903,111,121.720511
14.1283846,121,121.260189
14.1488788,116,120.802564
14.1693731,138,120.347638
14.1898673,128,119.895411
14.2103616,126,119.445883
14.2308559,115,118.999055
14.2513501,109,118.554929
14.2718444,112,118.113504
14.2923387,137,117.674786
14.3128329,133,117.238778
14.3333272,145,116.805468
14.3538214,142,116.374843
14.3743157,121,115.946917
14.39481,104,115.521701
14.4153042,116,115.099214
14.4357985,118,114.679492
14.4562928,129,114.262611
14.476787,126,113.848714
14.4972813,129,113.438065
14.5177755,102,113.031149
14.5382698,94,112.62891
14.5587641,114,112.233264
14.5792583,124,111.84738
14.5997526,124,111.471404
14.6202469,116,111.089811
14.6407411,112,110.682129
14.6612354,112,110.269731
14.6817296,113,109.87789
14.7022239,100,109.496073
14.7227182,109,109.106895
14.7432124,121,108.712607
14.7637067,102,108.325303
14.784201,110,107.94632
14.8046952,100,107.572219
14.8251895,103,107.201386
14.8456837,105,106.833386
14.866178,116,106.468079
14.8866723,122,106.105406
14.9071665,122,105.745339
14.9276608,106,105.38787
14.9481551,100,105.032997
14.9686493,112,104.680731
14.9891436,102,104.331102
15.0096378,95,103.984174
15.0301321,107,103.640089
15.0506264,92,103.299156
15.0711206,93,102.961995
15.0916149,83,102.629761
15.1121092,104,102.304615
15.1326034,112,101.990737
15.1530977,99,101.696566
15.1735919,108,101.437875
15.1940862,104,101.228728
15.2145805,111,101.025113
15.2350747,117,100.688958
15.255569,115,100.214202
15.2760633,132,99.8411975
15.2965575,77,99.5551101
15.3170518,96,99.261192
15.337546,106,98.9031171
15.3580403,100,98.5406009
15.3785346,103,98.2401932
15.3990288,83,97.985461
15.4195231,116,97.7265968
15.4400174,94,97.3995761
15.4605116,104,97.0352844
15.4810059,86,96.7212677
15.5015001,104,96.4413902
15.5219944,95,96.151013
15.5424887,84,95.8326063
15.5629829,83,95.5143753
15.5834772,90,95.2169754
15.6039715,100,94.9312082
15.6244657,97,94.6503429
15.64496,105,94.372602
15.6654542,95,94.0974424
15.6859485,109,93.8246433
15.7064428,94,93.554101
15.726937,88,93.2857541
15.7474313,92,93.0195593
15.7679256,86,92.7554827
15.7884198,109,92.4934983
15.8089141,89,92.2335848
15.8294084,92,91.9757238
15.8499026,88,91.7198985
15.8703969,100,91.4660937
15.8908911,89,91.2142948
15.9113854,89,90.9644884
15.9318797,85,90.7166617
15.9523739,93,90.470804
15.9728682,97,90.2269082
15.9933625,76,89.9849605
16.0138567,106,89.744931
16.034351,86,89.5068127
16.0548452,88,89.2705992
16.0753395,94,89.0362803
16.0958338,91,88.8038451
16.116328,89,88.5732833
16.1368223,82,88.3445846
16.1573166,94,88.1177399
16.1778108,90,87.8927404
16.1983051,86,87.6695785
16.2187993,70,87.448248
16.2392936,87,87.2287447
16.2597879,73,87.011067
16.2802821,90,86.795217
16.3007764,71,86.5812025
16.3212707,73,86.3690464
16.3417649,100,86.1588118
16.3622592,78,85.9506254
16.3827534,92,85.7447305
16.4032477,73,85.5416683
16.423742,88,85.3425225
16.4442362,71,85.1494066
16.4647305,82,84.9665786
16.4852248,96,84.8029266
16.505719,79,84.6743655
16.5262133,89,84.5844014
16.5467075,93,84.457273
16.5672018,88,84.1898834
16.5876961,80,83.8932816
16.6081903,89,83.6820864
16.6286846,69,83.5289678
16.6491789,73,83.3631901
16.6696731,79,83.1274392
16.6901674,75,82.8787443
16.7106616,71,82.6680769
16.7311559,69,82.4793916
16.7516502,77,82.2991321
16.7721444,88,82.1243537
16.7926387,96,81.9558938
16.813133,130,81.7971738
16.8336272,138,81.6558575
16.8541215,107,81.5463303
16.8746157,104,81.4773673
16.89511,95,81.3974816
16.9156043,105,81.1950088
16.9360985,119,80.9020966
16.9565928,100,80.6929505
16.9770871,91,80.5564874
16.9975813,81,80.4293377
17.0180756,98,80.2420005
17.0385698,74,80.0036407
17.0590641,83,79.8051769
17.0795584,79,79.6357269
17.1000526,74,79.4758316
17.1205469,68,79.3198259
17.1410412,63,79.1662184
17.1615354,65,79.0144858
17.1820297,79,78.8643814
17.2025239,83,78.7157428
17.2230182,76,78.5684982
17.2435125,78,78.42261
17.2640067,76,78.2780456
17.284501,84,78.1347782
17.3049953,64,77.9927865
17.3254895,76,77.8520524
17.3459838,69,77.7125604
17.366478,92,77.5742965
17.3869723,77,77.437248
17.4074666,72,77.3014032
17.4279608,76,77.1667509
17.4484551,82,77.0332809
17.4689494,73,76.9009837
17.4894436,61,76.7698499
17.5099379,75,76.6398678
17.5304321,65,76.5110261
17.5509264,75,76.3833174
17.5714207,67,76.256734
17.5919149,65,76.1312675
17.6124092,78,76.0069108
17.6329035,75,75.8836577
17.6533977,70,75.7614967
17.673892,74,75.6404112
17.6943862,70,75.5204036
17.7148805,80,75.4014771
17.7353748,64,75.2836207
17.755869,83,75.1668282
17.7763633,79,75.0510971
17.7968576,72,74.9364271
17.8173518,71,74.8228209
17.8378461,71,74.7102864
17.8583403,85,74.5988391
17.8788346,68,74.488508
17.8993289,73,74.3793463
17.9198231,77,74.2714614
17.9403174,72,74.1651039
17.9608117,69,74.0608274
17.9813059,74,73.9596067
18.0018002,65,73.8633695
18.0222944,67,73.7767046
18.0427887,80,73.7092204
18.063283,76,73.6791418
18.0837772,66,73.6951413
18.1042715,66,73.6801221
18.1247658,84,73.5066975
18.14526,60,73.2763144
18.1657543,60,73.136779
18.1862485,76,73.0681151
18.2067428,68,73.014256
18.2272371,71,72.9028555
18.2477313,74,72.7407443
18.2682256,77,72.5969829
18.2887199,72,72.4853099
18.3092141,62,72.3874868
18.3297084,59,72.2952084
18.3502026,89,72.2071145
18.3706969,63,72.1245065
18.3911912,72,72.05081
18.4116854,82,71.9863613
18.4321797,84,71.9121504
18.452674,75,71.8071101
18.4731682,69,71.7040427
18.4936625,72,71.6215382
18.5141567,68,71.5581797
18.534651,89,71.5110844
18.5551453,68,71.4810748
18.5756395,78,71.4774783
18.5961338,69,71.4495199
18.6166281,64,71.3069723
18.6371223,81,71.1265102
18.6576166,76,71.0139935
18.6781108,61,70.9554014
18.6986051,64,70.9105761
18.7190994,70,70.8276005
18.7395936,63,70.7009754
18.7600879,55,70.583382
18.7805822,81,70.4918467
18.8010764,69,70.4120079
18.8215707,63,70.3361561
18.8420649,67,70.2622394
18.8625592,76,70.1896185
18.8830535,72,70.1180327
18.9035477,91,70.0473578
18.924042,59,69.9775298
18.9445363,64,69.9085163
18.9650305,60,69.8403038
18.9855248,79,69.7728924
19.006019,82,69.7062943
19.0265133,56,69.6405344
19.0470076,70,69.5756529
19.0675018,83,69.5117049
19.0879961,72,69.4487655
19.1084904,80,69.386958
19.1289846,82,69.3264604
19.1494789,64,69.2675407
19.1699731,72,69.2106209
19.1904674,75,69.1564061
19.2109617,69,69.1061924
19.2314559,66,69.0626959
19.2519502,69,69.0321604
19.2724445,74,69.0286624
19.2929387,76,69.0822802
19.313433,81,69.2577578
19.3339272,59,69.6936742
19.3544215,70,70.601429
19.3749158,53,71.8214723
19.39541,88,71.9489854
19.4159043,66,70.2035161
19.4363986,66,69.2934367
19.4568928,77,69.2137631
19.4773871,61,69.5816786
19.4978813,59,70.0373308
19.5183756,69,69.8163933
19.5388699,75,68.8634457
19.5593641,78,68.374867
19.5798584,81,68.1832235
19.6003527,70,68.0761642
19.6208469,78,67.9962931
19.6413412,60,67.9282514
19.6618354,59,67.8665072
19.6823297,73,67.8086358
19.702824,69,67.7534822
19.7233182,70,67.7002845
19.7438125,58,67.6482393
19.7643068,65,67.5972591
19.784801,60,67.5472492
19.8052953,73,67.4981209
19.8257895,65,67.4498348
19.8462838,59,67.4024043
19.8667781,77,67.3559573
19.8872723,68,67.3108479
19.9077666,57,67.2679154
19.9282609,82,67.228952
19.9487551,86,67.1977647
19.9692494,75,67.1807474
19.9897436,58,67.1765193
20.0102379,73,67.1445654
20.0307322,76,67.0483752
20.0512264,60,66.976785
20.0717207,73,66.9308705
20.092215,75,66.8997164
20.1127092,76,66.8745335
20.1332035,61,66.8327313
20.1536977,84,66.766614
20.174192,73,66.7099176
20.1946863,61,66.6636411
20.2151805,72,66.6216504
20.2356748,64,66.581304
20.2561691,60,66.5415063
20.2766633,75,66.5021975
20.2971576,81,66.4633529
20.3176518,80,66.4249297
20.3381461,57,66.3869029
20.3586404,58,66.3492617
20.3791346,64,66.3119904
20.3996289,67,66.2750552
20.4201232,68,66.2384585
20.4406174,67,66.2022022
20.4611117,70,66.1662839
20.4816059,66,66.130701
20.5021002,69,66.0954539
20.5225945,64,66.0605444
20.5430887,56,66.0259316
20.563583,61,65.9915129
20.5840773,63,65.9573914
20.6045715,74,65.9237847
20.6250658,62,65.8905687
20.64556,75,65.8577071
20.6660543,60,65.8252066
20.6865486,61,65.7930674
20.7070428,66,65.7612942
20.7275371,64,65.7299101
20.7480314,83,65.6989348
20.7685256,67,65.6683844
20.7890199,68,65.6382595
20.8095141,58,65.6085563
20.8300084,70,65.5794196
20.8505027,74,65.5511473
20.8709969,73,65.5237247
20.8914912,61,65.4972718
20.9119855,81,65.4720253
20.9324797,65,65.4483359
20.952974,68,65.4267378
20.9734682,60,65.4080983
20.9939625,59,65.3939056
21.0144568,75,65.3870009
21.034951,77,65.3936431
21.0554453,94,65.4288356
21.0759396,104,65.5274829
21.0964338,113,65.7679645
21.1169281,71,66.3285292
21.1374223,66,67.5575134
21.1579166,68,69.5085023
21.1784109,71,70.2341443
21.1989051,79,67.7653548
21.2193994,82,66.2616387
21.2398937,84,65.9435755
21.2603879,84,66.2947862
21.2808822,64,67.204879
21.3013764,68,67.895389
21.3218707,61,67.0310671
21.342365,65,65.8905164
21.3628592,74,65.2977174
21.3833535,77,65.0706359
21.4038478,63,64.9918792
21.424342,64,64.9858641
21.4448363,67,64.9937795
21.4653305,64,64.9249703
21.4858248,76,64.8113398
21.5063191,57,64.7288858
21.5268133,64,64.6799427
21.5473076,69,64.6442318
21.5678019,70,64.6132888
21.5882961,50,64.5846654
21.6087904,69,64.5574671
21.6292846,69,64.5312779
21.6497789,62,64.5058877
21.6702732,77,64.4812145
21.6907674,54,64.4573062
21.7112617,51,64.4343905
21.731756,74,64.4126286
21.7522502,61,64.39087
21.7727445,59,64.3671129
21.7932387,78,64.3432706
21.813733,82,64.3211662
21.8342273,58,64.3006335
21.8547215,51,64.2817835
21.8752158,73,64.265099
21.8957101,55,64.251563
21.9162043,62,64.2456813
21.9366986,49,64.2592438
21.9571928,51,64.3172279
21.9776871,59,64.4686945
21.9981814,62,64.7263682
22.0186756,55,64.8267041
22.0391699,77,64.4781888
22.0596642,52,64.2428033
22.0801584,61,64.1775589
22.1006527,70,64.2162788
22.1211469,68,64.3602944
22.1416412,63,64.5486479
22.1621355,54,64.5139063
22.1826297,74,64.2005851
22.203124,56,64.0232405
22.2236183,60,63.9582837
22.2441125,64,63.9394736
22.2646068,59,63.9513101
22.2851011,57,63.9671273
22.3055953,65,63.9244769
22.3260896,55,63.8445701
22.3465838,72,63.799203
22.3670781,76,63.7764083
22.3875724,57,63.7673334
22.4080666,62,63.7689907
22.4285609,54,63.7574877
22.4490552,64,63.7085867
22.4695494,70,63.6707073
22.4900437,59,63.6466674
22.5105379,73,63.6304855
22.5310322,85,63.6213796
22.5515265,59,63.6149077
22.5720207,50,63.5956814
22.592515,66,63.5616338
22.6130093,61,63.5310533
22.6335035,68,63.5076643
22.6539978,74,63.4876598
22.674492,56,63.4696228
22.6949863,65,63.4528211
22.7154806,68,63.4353475
22.7359748,66,63.4151955
22.7564691,60,63.3950615
22.7769634,65,63.3761964
22.7974576,54,63.3579343
22.8179519,78,63.3399106
22.8384461,81,63.3220325
22.8589404,72,63.3042574
22.8794347,38,63.2865714
22.8999289,50,63.2689801
22.9204232,59,63.2515114
22.9409175,75,63.2342218
22.9614117,62,63.2171012
22.981906,74,63.1997994
23.0024002,62,63.182016
23.0228945,70,63.1644775
23.0433888,81,63.1471751
23.063883,74,63.13001
23.0843773,68,63.1129731
23.1048716,61,63.0960302
23.1253658,59,63.0789847
23.1458601,64,63.0617383
23.1663543,46,63.0446522
23.1868486,50,63.0276911
23.2073429,62,63.0107968
23.2278371,62,62.9939473
23.2483314,62,62.977126
23.2688257,66,62.9603398
23.2893199,63,62.9436411
23.3098142,69,62.9270107
23.3303084,65,62.9104445
23.3508027,72,62.8939487
23.371297,69,62.8775253
23.3917912,71,62.8611914
23.4122855,64,62.8449805
23.4327798,79,62.8289581
23.453274,66,62.813214
23.4737683,64,62.7979256
23.4942625,76,62.7835217
23.5147568,65,62.7711465
23.5352511,59,62.7636993
23.5557453,65,62.7680832
23.5762396,56,62.7987852
23.5967339,56,62.8613798
23.6172281,57,62.8782403
23.6377224,60,62.7622356
23.6582166,75,62.6909118
23.6787109,62,62.6646183
23.6992052,60,62.663529
23.7196994,69,62.6892073
23.7401937,56,62.727837
23.760688,61,62.7135879
23.7811822,75,62.6272147
23.8016765,65,62.5651217
23.8221707,66,62.5344218
23.842665,62,62.5177254
23.8631593,56,62.5097343
23.8836535,62,62.5025051
23.9041478,86,62.4797522
23.9246421,67,62.4504434
23.9451363,63,62.4265755
23.9656306,66,62.4074682
23.9861248,59,62.3900994
24.0066191,58,62.3733469
24.0271134,62,62.3569188
24.0476076,70,62.3407864
24.0681019,62,62.3251143
24.0885962,60,62.3103574
24.1090904,52,62.2970351
24.1295847,59,62.2838653
24.1500789,53,62.2668329
24.1705732,40,62.2464649
24.1910675,53,62.2282088
24.2115617,78,62.2116118
24.232056,72,62.1958856
24.2525503,62,62.1810197
24.2730445,66,62.1664968
24.2935388,67,62.1503003
24.314033,49,62.1321538
24.3345273,53,62.114663
24.3550216,67,62.0980657
24.3755158,56,62.0818088
24.3960101,58,62.0656768
24.4165044,60,62.049638
24.4369986,77,62.0337573
24.4574929,67,62.0182676
24.4779871,84,62.0035327
24.4984814,71,61.9889793
24.5189757,72,61.9728297
24.5394699,59,61.9562631
24.5599642,62,61.940077
24.5804585,67,61.9241679
24.6009527,52,61.908441
24.621447,55,61.8929102
24.6419412,71,61.8774501
24.6624355,52,61.8617059
24.6829298,53,61.8458
24.703424,60,61.8301614
24.7239183,56,61.8148778
24.7444126,60,61.8000147
24.7649068,65,61.7859077
24.7854011,60,61.7735117
24.8058953,63,61.7653025
24.8263896,62,61.7670698
24.8468839,69,61.786606
24.8673781,67,61.8122622
24.8878724,76,61.7926683
24.9083667,71,61.7238207
24.9288609,67,61.6804146
24.9493552,71,61.6583507
24.9698494,70,61.6461231
24.9903437,53,61.6433758
